### PART det ###
  [BTC/USDT] done  n=901
  [ETH/USDT] done  n=901
  [ADA/USDT] done  n=901
  [SOL/USDT] done  n=901
  [XRP/USDT] done  n=901
  [DOGE/USDT] done  n=901
  [BNB/USDT] done  n=901
  [LINK/USDT] done  n=901
  [LTC/USDT] done  n=901
  [AVAX/USDT] done  n=901
     pair  n_anchor  miss15  miss1m  n_contiguous  n_clamped_A  n_clamped_B  max_abs_P0_vs_1m
 BTC/USDT       901       0       0           901            4            0               0.0
 ETH/USDT       901       0       0           901            8            1               0.0
 ADA/USDT       901       0       0           901            3           14               0.0
 SOL/USDT       901       0       0           901           16            2               0.0
 XRP/USDT       901       0       0           901           10            1               0.0
DOGE/USDT       901       0       0           901            7           15               0.0
 BNB/USDT       901       0       0           901            1            5               0.0
LINK/USDT       901       0       0           901           21           14               0.0
 LTC/USDT       901       0       0           901            5            9               0.0
AVAX/USDT       901       0       0           901            8           17               0.0

=== Part 1 摘要（全標的取最大）===
  max_err_eps_plus_vs_direct       1.597e-14
  max_err_Ract_vs_run8             1.864e-12
  max_err_amp_vs_run8              1.643e-14
  max_err_mirror_logR              0.000e+00
  max_err_mirror_AB_swap           0.000e+00
  max_dev_mirror_priceR            6.775e-02
  mean_abs_dev_mirror_priceR       1.012e-02
  brute_half                       0.000e+00
  brute_alt                        0.000e+00
  brute_rand                       0.000e+00

### PART mc (diag) ###
  [BTC/USDT] done  n=901
  [ETH/USDT] done  n=901
  [ADA/USDT] done  n=901
  [SOL/USDT] done  n=901
  [XRP/USDT] done  n=901
  [DOGE/USDT] done  n=901
  [BNB/USDT] done  n=901
  [LINK/USDT] done  n=901
  [LTC/USDT] done  n=901
  [AVAX/USDT] done  n=901
     pair  n_anchor  miss15  miss1m  n_contiguous  n_clamped_A  n_clamped_B  max_abs_P0_vs_1m  eps_mean     eps_n  f32_max_dev  f32_mean_dev
 BTC/USDT       901       0       0           901            4            0               0.0  0.000027 259488000 1.131392e-06  3.693548e-07
 ETH/USDT       901       0       0           901            8            1               0.0 -0.000031 259488000 1.044026e-06  3.594277e-07
 ADA/USDT       901       0       0           901            3           14               0.0 -0.000170 259488000 9.651980e-07  3.467599e-07
 SOL/USDT       901       0       0           901           16            2               0.0  0.000097 259488000 1.572762e-06  3.458814e-07
 XRP/USDT       901       0       0           901           10            1               0.0  0.000145 259488000 9.405337e-07  3.310185e-07
DOGE/USDT       901       0       0           901            7           15               0.0  0.000062 259488000 1.114329e-06  3.656565e-07
 BNB/USDT       901       0       0           901            1            5               0.0 -0.000022 259488000 1.658558e-06  3.362800e-07
LINK/USDT       901       0       0           901           21           14               0.0 -0.000053 259488000 9.548158e-07  3.647929e-07
 LTC/USDT       901       0       0           901            5            9               0.0  0.000059 259488000 1.239995e-06  3.732722e-07
AVAX/USDT       901       0       0           901            8           17               0.0 -0.000028 259488000 8.346388e-07  3.047231e-07

### PART grid ###
     bucket  T_h    n  R_flip_mine_mean  R_flip_mine_sd  R_flip_run8  diff_mine_minus_run8   dR_mine   dR_run8  dR_run8_file  cap_run8_file_pct
   [0,0.05)    1  531          0.781878        0.000390     0.781829              0.000049  0.005754  0.005803      0.005803           0.003765
   [0,0.05)    4  531          0.776139        0.000215     0.775666              0.000472  0.012188  0.012660      0.012660           0.017479
   [0,0.05)   12  531          0.773812        0.000570     0.773690              0.000122  0.020241  0.020362      0.020362           0.057340
   [0,0.05)   24  531          0.773085        0.000604     0.773805             -0.000720  0.016396  0.015676      0.015676           0.066879
[0.05,0.10)    1  459          0.780398        0.000419     0.780321              0.000077 -0.005808 -0.005731     -0.005731          -0.004034
[0.05,0.10)    4  459          0.776360        0.000270     0.775879              0.000480  0.004829  0.005309      0.005309           0.008414
[0.05,0.10)   12  459          0.773970        0.000407     0.773873              0.000097 -0.004466 -0.004369     -0.004369          -0.013032
[0.05,0.10)   24  459          0.773227        0.000394     0.773828             -0.000601  0.007429  0.006828      0.006828           0.031335
[0.10,0.25)    1 1335          0.780730        0.000466     0.780868             -0.000138 -0.001534 -0.001672     -0.001672          -0.001442
[0.10,0.25)    4 1335          0.775615        0.000128     0.775451              0.000164  0.003013  0.003177      0.003177           0.005930
[0.10,0.25)   12 1335          0.773857        0.000511     0.773925             -0.000069  0.007539  0.007470      0.007470           0.026211
[0.10,0.25)   24 1335          0.773339        0.000572     0.773238              0.000101  0.017018  0.017119      0.017119           0.088602
[0.25,0.50)    1 2117          0.779954        0.000114     0.779353              0.000601 -0.000619 -0.000019     -0.000019          -0.000017
[0.25,0.50)    4 2117          0.775411        0.000061     0.774964              0.000447 -0.000045  0.000402      0.000402           0.000799
[0.25,0.50)   12 2117          0.773731        0.000065     0.773720              0.000011  0.004607  0.004618      0.004618           0.016913
[0.25,0.50)   24 2117          0.773035        0.000114     0.773196             -0.000161  0.010145  0.009984      0.009984           0.055380
[0.50,0.75)    1 2232          0.779026        0.000165     0.779385             -0.000359 -0.010508 -0.010867     -0.010867          -0.012136
[0.50,0.75)    4 2232          0.775112        0.000195     0.774627              0.000485 -0.001258 -0.000773     -0.000773          -0.001841
[0.50,0.75)   12 2232          0.773785        0.000136     0.773701              0.000084  0.000146  0.000230      0.000230           0.000977
[0.50,0.75)   24 2232          0.773356        0.000231     0.773201              0.000155 -0.001333 -0.001179     -0.001179          -0.007268
 [0.75,1.0]    1 2336          0.776817        0.000289     0.776946             -0.000129 -0.010235 -0.010364     -0.010364          -0.016036
 [0.75,1.0]    4 2336          0.774230        0.000149     0.774416             -0.000187 -0.005020 -0.005207     -0.005207          -0.015798
 [0.75,1.0]   12 2336          0.773265        0.000105     0.773333             -0.000068 -0.004734 -0.004803     -0.004803          -0.024299
 [0.75,1.0]   24 2336          0.772780        0.000095     0.772840             -0.000060 -0.001755 -0.001815     -0.001815          -0.012913

=== Part 2 判準 ===
  逐格 |R_flip 差| 落在 4×se_MC 內：21/24
  最大 |R_flip 差| = 7.199e-04   最大 4×se_MC = 1.394e-03
  seed 間 sd 範圍 = [6.124e-05, 6.038e-04]
  24 格中 (mine − run8) > 0 的格數 = 14/24（無系統性偏移應 ≈12）
  最大 |dR 差| = 7.199e-04

=== Part 4 判定重推 ===
  [run8        ] 調整後顯著 1 格（[0.10,0.25)×24h）；未調整顯著 5 格； cap 點估計最大 0.0886%； cap 調整後 CI 上界最大 0.1861%
  [pcg6420260807] 調整後顯著 1 格（[0.10,0.25)×24h）；未調整顯著 5 格； cap 點估計最大 0.0858%； cap 調整後 CI 上界最大 0.1866%
  [pcg64990017 ] 調整後顯著 1 格（[0.10,0.25)×24h）；未調整顯著 5 格； cap 點估計最大 0.0870%； cap 調整後 CI 上界最大 0.1906%
  [philox424242] 調整後顯著 1 格（[0.10,0.25)×24h）；未調整顯著 6 格； cap 點估計最大 0.0914%； cap 調整後 CI 上界最大 0.1891%

### zcheck ###
     bucket  T_h    n      sd_ep    se_mine    se_run8       diff    sd_diff          z
   [0,0.05)    1  531  1.076e-02  2.695e-04  4.668e-04  4.917e-05  5.391e-04  9.122e-02
   [0,0.05)    4  531  1.081e-02  2.708e-04  4.691e-04  4.723e-04  5.417e-04  8.719e-01
   [0,0.05)   12  531  1.040e-02  2.606e-04  4.514e-04  1.217e-04  5.213e-04  2.334e-01
   [0,0.05)   24  531  1.055e-02  2.642e-04  4.577e-04 -7.199e-04  5.285e-04 -1.362e+00
[0.05,0.10)    1  459  1.033e-02  2.784e-04  4.823e-04  7.699e-05  5.569e-04  1.383e-01
[0.05,0.10)    4  459  1.027e-02  2.767e-04  4.793e-04  4.804e-04  5.534e-04  8.681e-01
[0.05,0.10)   12  459  1.022e-02  2.755e-04  4.773e-04  9.693e-05  5.511e-04  1.759e-01
[0.05,0.10)   24  459  1.063e-02  2.865e-04  4.963e-04 -6.009e-04  5.730e-04 -1.049e+00
[0.10,0.25)    1 1335  1.059e-02  1.673e-04  2.897e-04 -1.379e-04  3.346e-04 -4.122e-01
[0.10,0.25)    4 1335  1.023e-02  1.616e-04  2.799e-04  1.637e-04  3.233e-04  5.065e-01
[0.10,0.25)   12 1335  1.026e-02  1.621e-04  2.808e-04 -6.869e-05  3.242e-04 -2.119e-01
[0.10,0.25)   24 1335  1.024e-02  1.618e-04  2.803e-04  1.012e-04  3.237e-04  3.127e-01
[0.25,0.50)    1 2117  1.046e-02  1.312e-04  2.273e-04  6.006e-04  2.624e-04  2.289e+00
[0.25,0.50)    4 2117  1.034e-02  1.298e-04  2.248e-04  4.470e-04  2.596e-04  1.722e+00
[0.25,0.50)   12 2117  1.031e-02  1.294e-04  2.242e-04  1.066e-05  2.588e-04  4.119e-02
[0.25,0.50)   24 2117  1.030e-02  1.293e-04  2.239e-04 -1.608e-04  2.586e-04 -6.221e-01
[0.50,0.75)    1 2232  1.052e-02  1.285e-04  2.226e-04 -3.593e-04  2.570e-04 -1.398e+00
[0.50,0.75)    4 2232  1.028e-02  1.256e-04  2.175e-04  4.847e-04  2.512e-04  1.930e+00
[0.50,0.75)   12 2232  1.020e-02  1.246e-04  2.158e-04  8.439e-05  2.492e-04  3.387e-01
[0.50,0.75)   24 2232  1.021e-02  1.247e-04  2.160e-04  1.546e-04  2.495e-04  6.198e-01
 [0.75,1.0]    1 2336  1.037e-02  1.239e-04  2.146e-04 -1.285e-04  2.477e-04 -5.188e-01
 [0.75,1.0]    4 2336  1.043e-02  1.246e-04  2.158e-04 -1.868e-04  2.492e-04 -7.496e-01
 [0.75,1.0]   12 2336  1.051e-02  1.255e-04  2.174e-04 -6.815e-05  2.511e-04 -2.714e-01
 [0.75,1.0]   24 2336  1.044e-02  1.247e-04  2.160e-04 -5.997e-05  2.495e-04 -2.404e-01

|z| 的分佈：max=2.29  mean=+0.138  sd=0.942
  |z| > 2：1/24（標準常態下期望 1.09）
  |z| > 3：0/24（標準常態下期望 0.06）
  |z| > 4：0/24（標準常態下期望 0.00）
  z > 0：14/24（無系統性偏移應 ≈12）

逐 T 的 z 均值（檢查是否有 T 維度的系統性）：
         mean       std  count
T_h                           
1    0.031530  1.237111      6
4    0.858113  0.959483      6
12   0.050976  0.246894      6
24  -0.390155  0.770580      6
